name: Streamlit
channels:
  - conda-forge
  - defaults
dependencies:
  - brotli=1.1.0=hfd05255_4
  - brotli-bin=1.1.0=hfd05255_4
  - bzip2=1.0.8=h2bbff1b_6
  - ca-certificates=2025.8.3=h4c7d964_0
  - contourpy=1.3.3=py312hf90b1b7_2
  - cycler=0.12.1=pyhd8ed1ab_1
  - expat=2.7.1=h8ddb27b_0
  - fonttools=4.59.2=py312h05f76fc_0
  - freetype=2.12.1=hdaf720e_2
  - kiwisolver=1.4.9=py312h78d62e6_1
  - lcms2=2.16=h67d730c_0
  - lerc=4.0.0=h6470a55_1
  - libblas=3.9.0=34_h5709861_mkl
  - libbrotlicommon=1.1.0=hfd05255_4
  - libbrotlidec=1.1.0=hfd05255_4
  - libbrotlienc=1.1.0=hfd05255_4
  - libcblas=3.9.0=34_h2a3cdd5_mkl
  - libdeflate=1.20=hcfcfb64_0
  - libexpat=2.7.1=hac47afa_0
  - libffi=3.4.4=hd77b12b_1
  - libhwloc=2.12.1=default_hfa10c62_1000
  - libiconv=1.18=hc1393d2_2
  - libjpeg-turbo=3.1.0=h2466b09_0
  - liblapack=3.9.0=34_hf9ab0e9_mkl
  - libpng=1.6.43=h19919ed_0
  - libsqlite=3.50.4=hf5d6505_0
  - libtiff=4.6.0=hddb2be6_3
  - libwebp-base=1.6.0=h4d5522a_0
  - libxcb=1.15=hcd874cb_0
  - libxml2=2.13.8=h866ff63_0
  - libzlib=1.2.13=h2466b09_6
  - llvm-openmp=21.1.0=hfa2b4ca_0
  - m2w64-gcc-libgfortran=5.3.0=6
  - m2w64-gcc-libs=5.3.0=7
  - m2w64-gcc-libs-core=5.3.0=7
  - m2w64-gmp=6.1.0=2
  - m2w64-libwinpthread-git=5.0.0.4634.697f757=2
  - matplotlib-base=3.10.1=py312h90004f6_0
  - mkl=2024.2.2=h57928b3_16
  - msys2-conda-epoch=20160418=1
  - munkres=1.1.4=pyhd8ed1ab_1
  - networkx=3.5=pyhe01879c_0
  - numpy=1.26.4=py312h8753938_0
  - openjpeg=2.5.2=h3d672ee_0
  - openssl=3.5.2=h725018a_0
  - packaging=25.0=pyh29332c3_1
  - pandas=2.3.2=py312hc128f0a_0
  - pillow=10.3.0=py312h6f6a607_0
  - pip=25.2=pyhc872135_0
  - pthread-stubs=0.4=hcd874cb_1001
  - pyparsing=3.2.3=pyhe01879c_2
  - python=3.12.3=h2628c8c_0_cpython
  - python-dateutil=2.9.0.post0=pyhe01879c_2
  - python-tzdata=2025.2=pyhd8ed1ab_0
  - python_abi=3.12=8_cp312
  - pytz=2025.2=pyhd8ed1ab_0
  - qhull=2020.2=hc790b64_5
  - scipy=1.16.1=py312h33376e8_1
  - setuptools=78.1.1=py312haa95532_0
  - six=1.17.0=pyhe01879c_1
  - sqlite=3.50.2=hda9a48d_1
  - tbb=2021.13.0=h18a62a1_3
  - tk=8.6.15=hf199647_0
  - tzdata=2025b=h04d1e81_0
  - ucrt=10.0.22621.0=haa95532_0
  - unicodedata2=16.0.0=py312he06e257_1
  - vc=14.3=h2df5915_10
  - vc14_runtime=14.44.35208=h4927774_10
  - vs2015_runtime=14.44.35208=ha6b5a95_10
  - wheel=0.45.1=py312haa95532_0
  - wntr=1.3.2=py312h2507484_2
  - xorg-libxau=1.0.11=hcd874cb_0
  - xorg-libxdmcp=1.1.3=hcd874cb_0
  - xz=5.6.4=h4754444_1
  - zlib=1.2.13=h2466b09_6
  - zstd=1.5.6=h0ea2cb4_0
  - pip:
      - altair==5.5.0
      - attrs==25.3.0
      - blinker==1.9.0
      - cachetools==6.2.0
      - certifi==2025.8.3
      - charset-normalizer==3.4.3
      - click==8.2.1
      - colorama==0.4.6
      - geopandas==1.1.1
      - gitdb==4.0.12
      - gitpython==3.1.45
      - idna==3.10
      - jinja2==3.1.6
      - jsonschema==4.25.1
      - jsonschema-specifications==2025.4.1
      - markupsafe==3.0.2
      - narwhals==2.3.0
      - protobuf==6.32.0
      - pyarrow==21.0.0
      - pydeck==0.9.1
      - pyogrio==0.11.1
      - pyproj==3.7.2
      - referencing==0.36.2
      - requests==2.32.5
      - rpds-py==0.27.1
      - shapely==2.1.1
      - smmap==5.0.2
      - streamlit==1.49.1
      - tenacity==9.1.2
      - toml==0.10.2
      - tornado==6.5.2
      - typing-extensions==4.15.0
      - urllib3==2.5.0
      - watchdog==6.0.0
prefix: C:\Users\kaiorodrigues.000\AppData\Local\anaconda3\envs\Streamlit
